KHÔNG - K H Ô NG
4

STARTPROB_
1	0	0	0

TRANSMAT_
0.5	0.4	0.1	0	0	0	0	0	0	0	0	0	0	0	0	0
0	0.5	0.4	0.1	0	0	0	0	0	0	0	0	0	0	0	0
0	0	0.5	0.4	0.1	0	0	0	0	0	0	0	0	0	0	0
0	0	0	0.5	0.4	0.1	0	0	0	0	0	0	0	0	0	0
0	0	0	0	0.5	0.4	0.1	0	0	0	0	0	0	0	0	0
0	0	0	0	0	0.5	0.4	0.1	0	0	0	0	0	0	0	0
0	0	0	0	0	0	0.5	0.4	0.1	0	0	0	0	0	0	0
0	0	0	0	0	0	0	0.5	0.4	0.1	0	0	0	0	0	0
0	0	0	0	0	0	0	0	0.5	0.4	0.1	0	0	0	0	0
0	0	0	0	0	0	0	0	0	0.5	0.4	0.1	0	0	0	0
0	0	0	0	0	0	0	0	0	0	0.5	0.4	0.1	0	0	0
0	0	0	0	0	0	0	0	0	0	0	0.5	0.4	0.1	0	0
0	0	0	0	0	0	0	0	0	0	0	0	0.5	0.4	0.1	0
0	0	0	0	0	0	0	0	0	0	0	0	0	0.5	0.4	0.1	
0	0	0	0	0	0	0	0	0	0	0	0	0	0	0.5	0.5
0	0	0	0	0	0	0	0	0	0	0	0	0	0	0	1